Kp = 0.19891;                      
Tp1 = 45.292;                     
Tp2 = 0.32322;                   
Td = 0.136;                   
Tz = -1.7984;